 s_u= 0.09542169
 s_d= 0.11359829
 total_s= 0.20901999
 py_u= 0.04623403
 py_d= 0.05821040
 pz_u= 0.05015657
 pz_d= 0.05444475
 px_u= 0.04668612
 px_d= 0.05947763
 total_p= 0.31520951
 dxy_u= 0.03965925
 dxy_d= 0.81220812
 dyz_u= 0.03662420
 dyz_d= 0.83963668
 dz2-r2_u= 0.13310198
 dz2-r2_d= 0.83846915
 dxz_u= 0.03860863
 dxz_d= 0.81597984
 dx2-y2_u= 0.13130477
 dx2-y2_d= 0.42237273
 total_d= 4.10796547
 total= 4.63219500
 ######################
 t2g= 2.58271670
 eg= 1.52524865
 in_plane= 1.40554488
 out_plane= 2.70242047
 ######################
