 s_u= 0.06945515
 total_s= 0.06945515
 py_u= 0.09161023
 pz_u= 0.08902533
 px_u= 0.08763507
 total_p= 0.26827064
 dxy_u= 0.09002747
 dyz_u= 0.14002503
 dz2-r2_u= 0.08835100
 dxz_u= 0.12523744
 dx2-y2_u= 0.12464332
 total_d= 0.56828427
 total= 0.90601003
 ######################
 t2g= 0.35528994
 eg= 0.21299432
 in_plane= 0.21467078
 out_plane= 0.35361347
 ######################
